SNP1	SNP2	SNP3	SNP4	SNP5	SNP6	SNP7	SNP8	SNP9	SNP10	SNP11	SNP12	SNP13	SNP14	SNP15	SNP16	SNP17	SNP18	SNP19	SNP20	Outcome
1	0	0	0	0	0	0	1	1	0	2	0	0	0	1	0	1	1	0	1	0.4089689
0	0	2	0	1	1	0	0	0	1	0	0	0	1	2	0	1	0	1	0	0.02659437
0	0	1	1	0	0	0	0	0	1	0	0	0	1	0	0	0	0	0	0	-1.516553
0	1	0	1	0	0	0	2	0	0	1	1	0	0	0	0	0	1	1	0	-0.3626533
1	0	0	0	0	0	0	0	0	0	0	0	2	0	0	0	0	0	0	0	2.178489
1	1	0	1	1	1	0	0	0	1	1	1	2	0	1	0	1	1	0	0	-0.9341513
0	1	1	0	2	1	1	1	0	0	1	0	1	1	1	1	0	0	1	1	2.323606
0	0	0	1	0	0	1	0	1	0	1	1	0	0	0	0	1	0	0	0	1.624918
0	0	1	1	0	1	0	1	0	0	1	1	0	0	1	0	0	0	0	0	0.954277
1	0	1	0	1	0	0	0	0	1	1	1	1	1	1	0	0	0	1	0	-0.004120576
0	1	1	0	0	1	0	0	1	1	1	0	2	0	0	0	1	0	1	1	0.1715668
0	0	1	0	0	1	1	1	0	1	0	0	1	0	0	0	0	0	0	1	0.6516483
0	0	0	0	0	0	1	1	0	0	0	0	0	0	0	0	0	1	1	0	-1.538293
0	0	0	0	0	0	0	1	0	1	0	1	2	0	0	0	0	0	0	1	-0.2555652
0	1	0	0	1	0	0	1	1	0	1	0	0	1	2	1	2	1	0	2	-0.149945
0	0	0	0	0	0	0	1	1	0	1	1	1	0	0	0	0	0	0	1	0.01232697
0	1	0	0	0	1	0	0	1	1	0	0	0	0	0	1	0	0	0	0	0.7770305
0	0	0	1	1	0	0	0	0	0	0	0	0	0	0	0	0	1	0	1	0.8877716
0	0	0	0	1	0	0	0	0	0	0	0	0	1	0	2	2	2	1	0	-0.5921553
0	1	1	1	1	0	0	1	0	0	0	0	1	0	1	0	0	0	1	0	0.3442819
1	0	0	1	1	1	1	0	1	1	0	0	0	0	0	0	1	0	0	0	0.3174824
1	0	1	1	1	2	0	0	0	0	1	0	0	0	0	0	0	0	0	0	0.9841418
0	1	0	1	1	1	0	0	1	0	0	0	0	0	0	0	2	1	0	1	0.5573952
1	0	0	1	0	0	1	0	0	0	0	1	1	1	0	0	0	1	0	1	1.352557
0	1	0	0	0	0	1	0	1	0	0	1	0	0	1	0	0	1	0	1	1.073171
0	0	0	0	2	1	0	2	0	1	0	0	1	1	0	1	1	1	0	0	1.007159
1	0	0	0	0	0	0	1	0	1	0	0	0	1	0	0	2	0	0	0	0.8123999
0	2	0	1	0	1	0	0	0	0	0	0	0	0	1	1	0	1	0	1	0.2342994
1	0	1	0	0	1	0	0	0	0	0	0	0	0	0	0	1	0	1	1	0.7789432
0	0	0	1	0	0	1	1	1	0	0	2	0	0	1	1	1	0	0	0	-0.9835886
0	1	0	0	0	0	0	0	1	0	0	0	0	1	1	0	0	0	0	0	-0.104284
0	1	1	2	1	0	1	2	0	1	1	0	0	0	1	0	1	0	0	1	0.06184979
0	0	1	0	1	2	0	1	1	0	2	0	0	0	1	0	0	0	0	0	0.6786242
0	1	0	0	0	1	2	0	0	1	1	1	1	0	1	1	1	0	0	0	-0.5774979
0	1	1	0	1	0	1	1	1	0	0	1	0	0	0	0	0	0	0	0	0.1300615
0	2	0	0	1	0	1	0	0	0	1	0	0	0	0	0	1	0	0	0	1.484677
0	0	1	1	0	1	0	0	0	0	0	0	0	0	0	1	0	1	0	1	0.8139473
1	0	0	0	0	1	0	0	1	0	1	1	1	0	1	0	1	1	1	0	2.545555
0	0	0	0	0	0	0	0	0	0	1	0	0	0	0	0	1	0	0	1	0.3886199
0	2	0	0	1	0	0	0	0	0	1	0	1	1	0	1	0	1	0	1	-0.3477565
1	1	0	0	0	1	1	0	2	1	0	0	0	1	1	1	0	0	0	1	-1.636516
1	1	0	0	1	0	1	1	0	1	1	0	0	0	0	0	0	0	0	1	0.02038144
0	0	1	1	1	0	1	1	0	0	0	0	1	0	1	0	0	0	0	2	0.8917427
1	1	0	0	1	0	2	0	1	2	0	0	0	2	0	1	0	1	1	0	-0.8727497
0	1	0	1	0	0	0	0	0	1	0	1	0	0	0	0	2	0	1	0	1.890051
1	0	0	0	1	0	0	0	0	0	0	1	0	1	0	0	1	1	0	0	0.6561257
0	0	0	0	0	0	0	0	0	0	1	0	0	1	1	0	0	0	0	0	-1.186781
0	0	1	0	1	0	1	1	0	1	0	0	0	0	0	1	0	0	0	0	0.8800582
0	0	0	1	0	2	0	0	0	0	1	1	0	0	0	0	0	1	1	0	1.723857
1	0	1	0	0	0	1	1	0	0	1	1	0	0	0	1	1	1	1	1	1.219853
1	0	0	0	0	0	0	0	1	0	0	0	0	1	0	1	0	1	0	1	1.789871
0	1	1	0	0	0	0	0	1	1	0	0	0	1	0	0	0	1	0	0	0.7700061
0	0	0	1	1	0	2	1	2	0	0	0	0	0	1	0	1	1	1	0	0.1814975
0	0	0	1	0	1	0	0	0	0	0	0	0	1	0	0	1	1	0	0	0.4997342
0	1	1	0	1	0	1	0	0	2	0	1	1	1	0	0	0	0	0	0	1.159192
1	0	0	0	1	2	0	1	1	1	0	0	0	0	1	1	0	2	0	0	1.542626
0	0	0	0	0	0	1	1	1	0	0	0	1	0	0	0	0	0	1	1	-0.1566451
0	0	1	1	0	0	1	0	0	0	0	0	0	0	1	1	1	0	0	0	0.4387933
1	0	0	0	0	0	0	0	0	0	1	0	0	0	0	1	1	1	0	0	2.487871
0	0	0	0	0	0	0	1	0	0	1	0	0	0	0	1	0	0	0	0	1.060165
0	1	0	1	1	0	1	0	0	0	0	1	2	0	0	0	0	0	0	0	0.1509871
0	0	1	0	1	2	2	1	0	0	1	0	0	1	0	1	1	0	0	2	2.339693
0	1	1	0	0	2	1	0	1	0	0	1	0	0	0	0	0	1	0	1	0.878797
0	0	0	0	0	0	1	0	1	0	1	1	0	0	0	0	0	0	0	1	-0.9502074
0	0	1	1	2	0	0	0	0	0	0	0	0	0	0	0	1	0	0	0	0.5387115
1	0	2	1	1	1	2	0	0	1	1	0	0	0	1	0	2	0	0	0	2.693515
0	0	0	0	0	2	1	0	2	0	0	0	2	0	1	0	0	2	1	1	0.2090318
1	1	2	0	1	1	0	1	0	0	0	0	0	1	0	1	1	0	1	1	-1.075261
0	0	1	1	0	0	1	0	0	0	0	0	1	1	0	1	1	0	1	0	0.3921249
0	0	1	0	1	0	0	0	0	0	0	0	0	1	1	1	0	1	0	1	0.7544017
0	0	0	1	0	1	1	0	2	1	0	0	1	0	0	0	1	1	0	0	0.4534761
0	0	1	0	0	1	1	0	1	1	0	1	0	0	0	0	0	1	0	1	-0.1234337
0	0	0	1	2	0	0	0	0	0	0	1	0	1	0	0	1	0	0	1	0.2369032
1	1	0	1	0	0	0	1	0	0	1	0	0	0	0	0	0	1	1	0	0.2282701
1	0	1	1	1	0	1	0	0	0	0	1	1	0	0	0	0	0	0	0	2.119462
0	1	1	0	0	1	0	1	1	0	0	0	0	1	0	0	0	0	0	0	1.156573
1	0	0	1	0	1	0	1	0	1	1	0	1	0	0	0	0	0	0	1	0.3112279
0	1	0	0	0	0	0	0	0	0	2	0	0	0	0	0	0	0	0	0	1.45295
0	0	0	1	1	0	0	0	1	0	0	1	0	0	1	2	0	1	0	1	-0.06754665
1	1	0	0	0	1	0	0	1	2	0	0	0	1	0	1	1	0	0	0	0.4015651
0	1	0	2	0	0	1	1	0	0	1	1	0	0	0	0	1	0	0	0	0.9352263
0	0	0	0	0	0	1	0	0	0	0	0	0	0	0	0	0	1	0	0	0.3154963
1	0	0	0	1	1	0	0	0	1	0	1	0	0	0	0	2	1	0	1	0.3943184
1	1	1	0	0	0	2	1	2	0	0	0	0	1	0	0	0	1	0	0	-0.9075847
2	0	0	0	1	1	0	0	0	0	1	0	0	0	2	1	0	1	0	0	3.261609
0	1	0	0	1	0	2	0	0	2	0	1	0	1	1	1	1	2	1	0	0.3967733
1	0	0	0	0	0	1	0	1	2	0	0	1	0	1	1	0	1	0	1	-0.2978621
1	0	1	0	1	0	0	1	1	0	1	1	1	0	0	0	0	1	1	0	1.506451
0	1	0	1	1	0	0	1	0	2	0	2	0	2	0	0	0	0	1	0	0.1466657
0	1	0	0	0	0	0	1	0	1	0	0	1	0	0	2	0	1	1	1	-0.5060318
0	0	0	1	1	0	1	0	0	0	1	0	0	0	0	1	1	1	0	0	1.202329
1	0	0	0	0	0	0	0	0	0	0	1	0	0	1	1	0	0	0	0	-0.02786539
1	0	1	0	0	1	0	0	0	0	0	0	0	0	0	1	0	1	1	0	1.93827
0	0	0	0	0	0	0	0	0	1	1	0	0	0	1	0	0	0	0	0	0.4568453
1	0	1	0	0	1	1	1	0	1	1	0	1	2	0	1	2	1	0	1	1.513095
0	0	0	0	0	0	1	0	1	0	0	1	0	1	0	0	0	1	1	0	-0.3525909
0	0	2	1	1	0	1	1	1	1	1	1	0	0	0	0	1	0	0	1	2.326533
1	1	0	0	0	0	1	0	1	1	0	0	0	0	0	0	2	0	0	0	-1.140152
0	0	0	0	0	0	0	0	0	1	0	1	0	1	0	0	0	0	0	0	2.41311
0	0	0	0	1	0	0	0	1	1	1	1	0	0	1	1	0	0	0	0	0.3978212
1	0	1	0	2	1	0	0	2	0	0	0	0	1	0	1	0	1	1	1	0.5583314
1	0	0	1	1	0	0	1	1	1	0	0	1	0	0	1	0	0	0	1	1.243639
0	0	0	0	0	0	0	2	0	0	0	0	1	2	1	0	1	1	0	0	0.5967812
1	0	0	1	1	0	0	0	2	0	0	0	2	1	0	0	1	0	0	1	-0.1200407
0	1	1	1	0	0	0	0	0	0	1	1	0	1	0	0	1	1	0	0	-1.069743
1	0	0	1	1	0	0	1	0	0	0	1	0	1	0	1	0	0	0	0	0.5856256
1	1	0	0	0	0	1	0	0	1	0	0	0	0	0	0	2	1	1	0	0.4893914
1	1	0	1	0	1	0	0	0	1	1	0	1	0	0	1	0	1	0	1	-1.006596
0	1	1	0	0	0	0	1	0	1	0	0	1	0	0	0	1	0	1	1	2.269653
0	1	1	0	0	0	1	1	0	0	2	1	0	0	1	0	0	0	1	0	2.123916
2	0	2	1	0	0	2	1	0	1	0	1	0	1	0	0	1	0	0	0	1.842484
0	2	1	0	1	0	0	0	1	1	1	0	0	0	0	1	1	0	0	0	1.62061
0	0	1	1	0	1	0	0	0	0	0	0	0	1	0	1	1	0	0	1	0.4476658
0	0	0	0	0	0	0	0	0	0	0	1	0	0	0	1	1	0	1	1	-2.298905
0	1	0	0	2	0	0	0	1	1	1	0	0	1	0	0	0	2	1	0	0.9208363
0	0	0	0	0	1	1	0	1	0	1	1	1	0	0	1	1	1	2	1	-0.5230644
0	1	1	1	0	1	0	0	0	0	0	0	1	0	1	1	0	1	0	1	0.5824203
0	0	0	1	0	1	1	1	0	0	0	1	0	0	0	0	0	1	0	0	1.304878
0	0	1	0	0	0	0	0	1	0	1	0	1	1	0	0	0	0	0	0	-0.03137405
0	2	1	0	1	0	0	0	0	0	1	0	1	0	1	1	1	0	0	1	1.105125
0	0	0	0	1	0	0	1	1	0	2	0	0	0	1	1	1	0	0	0	3.462522
0	0	0	0	1	1	1	0	0	1	0	0	2	0	0	0	0	0	1	1	0.3600112
0	1	0	0	0	0	0	0	0	0	0	1	0	1	1	0	1	1	0	1	2.211389
1	0	0	0	0	0	2	0	0	0	0	0	1	2	0	2	0	0	1	1	1.711163
1	0	1	0	0	0	1	1	1	1	0	0	0	0	0	0	0	1	0	0	0.7973822
0	0	0	0	1	0	0	1	0	0	0	1	0	0	0	0	0	0	1	2	1.41124
0	1	0	0	1	0	0	0	0	1	0	0	0	0	0	1	0	0	0	0	1.288807
1	0	0	1	0	1	0	2	0	0	1	0	0	1	2	0	0	1	0	0	1.585473
1	1	0	1	1	0	1	1	1	1	1	1	1	1	0	0	1	0	0	1	1.278981
0	0	1	0	0	0	0	0	0	0	1	1	0	1	0	0	0	1	0	1	-0.8738961
0	0	0	0	0	0	1	0	1	0	0	0	0	0	0	1	1	0	0	0	0.8613973
0	0	1	1	0	0	0	1	0	0	0	0	0	0	0	0	0	1	0	0	-0.1951993
1	0	1	0	0	0	1	0	1	0	0	0	0	0	1	0	0	0	0	1	1.32941
0	0	0	0	1	0	1	0	0	1	0	0	0	1	0	0	0	1	2	0	-1.082434
1	0	0	0	0	1	0	0	1	1	0	0	1	0	1	0	1	1	0	1	0.4826797
0	0	1	1	0	0	0	0	0	0	0	0	1	1	1	0	1	0	0	0	-0.07815267
1	1	0	1	0	1	1	1	0	1	1	1	0	0	0	1	0	1	0	0	-0.3492628
0	1	1	0	1	0	0	1	1	0	1	0	1	1	1	0	1	1	2	1	-1.258304
0	0	0	0	0	0	0	0	0	0	0	0	0	1	0	1	0	1	1	0	-0.2865328
0	0	0	1	0	1	0	0	1	0	0	1	1	0	0	0	0	1	0	0	0.2806009
0	0	0	0	0	0	0	0	0	1	0	1	0	0	0	0	1	1	1	0	-0.5561291
0	1	1	0	0	1	1	1	1	0	1	1	1	1	1	0	1	1	0	0	1.54418
0	0	0	1	0	0	0	0	0	0	0	1	1	0	0	0	1	1	0	0	-1.538508
0	0	0	1	1	0	0	1	0	0	0	0	1	0	0	0	1	0	0	0	-0.2924599
0	1	1	1	1	0	0	1	0	1	0	0	0	0	0	1	0	1	1	0	0.888804
1	0	1	0	0	0	1	0	0	0	0	1	0	2	0	0	1	0	0	0	1.25856
0	1	0	2	0	1	1	0	0	1	1	0	0	0	0	1	0	1	1	1	1.389029
1	2	1	0	1	0	0	0	1	0	0	0	1	0	0	0	0	0	2	1	3.015542
1	0	1	0	0	0	0	0	0	0	0	1	0	0	2	0	2	0	0	1	0.676331
0	0	1	1	0	0	0	0	1	0	0	0	1	1	0	1	0	0	0	1	0.3786621
0	1	0	2	0	2	1	0	0	0	0	0	0	0	1	1	1	0	0	0	-0.5959154
1	0	0	1	1	0	0	0	0	2	0	0	0	0	0	1	1	0	1	0	1.671074
0	2	0	0	0	0	1	1	0	0	1	0	0	1	2	0	0	0	0	0	1.425723
1	0	2	1	0	0	0	1	0	1	0	1	2	1	1	0	0	1	1	1	1.689597
2	1	0	0	0	0	0	1	1	0	0	0	1	0	0	0	0	1	1	0	0.009280855
0	0	0	1	1	0	0	1	1	1	0	0	0	0	0	2	0	1	0	0	1.841735
0	1	1	1	1	0	1	1	0	0	1	0	0	0	1	1	2	0	0	1	2.697634
0	1	0	0	0	1	0	0	0	0	0	1	0	0	0	1	1	1	0	0	2.5864
0	0	0	0	0	0	0	0	1	1	0	0	1	1	1	0	0	1	0	0	0.233606
0	0	1	0	1	1	1	0	1	0	0	1	1	1	1	1	0	0	0	0	-0.2819248
0	0	0	0	0	1	1	0	0	0	1	0	1	0	1	0	1	0	0	0	1.006011
1	2	0	1	0	1	1	0	0	0	0	1	1	0	1	1	0	0	0	1	0.4340315
1	1	0	0	0	0	0	0	0	0	1	0	0	0	1	1	1	0	0	1	0.5853113
0	0	1	0	0	0	1	1	1	1	0	0	0	0	0	0	1	0	1	0	0.1065578
0	0	0	1	0	0	0	0	0	0	0	0	1	0	0	1	1	0	0	2	-0.308349
2	1	1	0	0	0	0	1	0	1	2	0	1	1	1	0	0	0	0	0	0.9023381
0	1	0	1	0	0	1	0	0	0	0	0	0	0	0	0	1	0	2	1	-0.4186868
0	0	0	0	2	1	1	0	0	0	0	1	1	0	1	0	0	0	1	1	0.7470873
0	0	1	0	1	0	1	0	0	1	0	2	1	0	0	1	1	0	1	0	0.03114655
1	0	0	0	2	0	0	0	0	1	0	1	0	0	1	1	0	0	0	1	-0.03502792
0	0	0	0	0	0	2	1	0	0	0	1	1	1	0	1	1	2	0	1	1.515816
0	0	0	0	0	1	0	0	0	1	0	1	0	0	1	2	0	1	1	0	1.332384
1	1	0	0	0	0	1	1	0	1	0	1	1	0	0	0	0	0	0	1	0.9431175
1	0	0	0	0	0	1	1	0	0	1	0	2	0	0	0	0	0	0	0	1.311647
1	0	0	2	0	0	1	0	0	1	0	1	1	0	1	0	1	0	0	1	-0.08940512
0	1	1	1	1	0	0	0	0	1	0	2	1	0	0	0	0	0	0	0	2.062519
1	0	0	1	1	0	0	0	0	0	0	1	0	0	0	1	0	0	2	0	-0.9906643
1	1	0	0	0	0	1	0	0	0	0	0	0	0	1	1	0	1	0	0	1.149561
0	1	0	0	1	0	1	0	0	1	1	1	1	0	1	0	1	0	0	0	1.881919
0	1	0	0	0	0	0	1	1	0	1	0	1	0	0	0	1	1	1	0	2.162
0	0	1	0	1	1	0	0	0	0	1	0	0	1	1	1	0	0	1	0	-0.09751758
1	0	1	0	1	0	0	1	1	0	0	0	0	0	0	1	0	0	0	0	-0.09323202
0	1	0	0	1	1	1	0	0	1	0	0	1	0	0	1	1	0	0	0	1.669603
0	0	1	0	0	0	1	0	1	0	1	1	1	0	0	0	2	0	1	0	0.2752555
0	0	0	0	0	0	0	1	2	1	1	0	0	1	0	0	0	0	0	0	3.276121
1	0	0	0	0	0	0	0	1	1	1	1	2	1	0	0	0	0	0	0	0.7341768
0	0	0	0	0	1	0	0	0	0	0	1	1	0	0	1	0	1	0	1	-0.3862994
0	0	1	1	0	0	0	0	1	1	0	1	0	1	0	0	0	0	0	1	-0.1507961
0	0	0	0	0	1	0	0	1	0	2	1	0	0	1	0	0	0	0	0	0.485756
2	1	1	1	0	0	0	0	2	1	1	0	0	0	0	0	0	0	0	0	0.3432473
0	0	0	1	0	0	0	0	0	0	1	0	0	2	0	0	0	0	1	0	-0.03022822
0	0	1	1	0	1	0	0	1	0	1	0	0	0	0	1	0	0	0	0	0.5021759
0	0	0	0	1	0	1	0	1	1	0	0	2	0	0	0	0	0	0	0	1.871487
0	0	1	0	0	0	0	0	2	0	1	0	0	0	2	1	0	0	1	0	1.074273
0	0	2	0	0	0	0	1	1	1	2	1	1	0	1	1	0	0	0	0	1.415102
0	0	0	0	0	0	1	0	1	2	1	0	0	0	0	1	0	1	0	0	3.771382
1	1	0	1	1	1	0	0	0	0	1	1	1	1	0	1	0	1	0	1	1.714233
1	1	0	0	1	1	0	0	0	0	2	1	0	0	0	0	1	1	0	0	-1.234166
0	1	0	0	2	0	0	1	1	0	1	1	0	1	0	0	0	0	0	0	1.174288
0	0	0	2	0	0	2	0	0	0	0	1	0	1	0	0	1	0	0	0	1.983211
1	0	1	0	1	2	1	0	0	1	1	0	0	0	1	0	0	1	0	1	1.658281
0	0	0	1	0	0	2	0	1	0	0	0	0	1	0	1	0	0	0	0	2.651998
1	0	1	1	0	0	0	0	1	0	0	1	0	0	0	0	0	1	0	0	-0.2558675
1	0	0	0	0	1	0	0	0	2	0	0	1	0	0	0	0	0	0	0	1.88104
0	0	0	1	0	1	0	0	1	0	1	1	0	1	1	0	1	1	0	0	1.742551
1	0	1	0	0	0	0	0	0	0	0	1	0	1	0	1	0	0	0	0	1.008742
0	1	2	0	0	0	1	1	1	0	1	0	1	0	0	1	0	0	1	1	-0.3614683
0	1	0	0	0	0	1	0	0	1	0	1	0	0	0	0	0	2	1	0	0.4703998
0	0	0	0	1	0	1	0	0	1	0	0	1	1	0	0	0	0	0	0	-1.042858
0	0	1	0	0	0	1	0	0	0	0	1	0	0	1	1	0	2	0	0	-0.2734963
0	0	0	1	0	0	0	2	0	0	0	0	0	0	0	1	0	0	0	0	0.7320373
0	0	0	0	1	1	0	0	0	1	1	0	0	0	0	0	0	0	1	0	0.6772625
0	0	1	0	0	0	1	0	0	0	0	0	1	0	1	1	0	0	1	0	-0.8450155
1	1	0	0	0	1	0	0	1	0	2	0	1	0	0	0	1	0	1	0	-0.4982748
0	1	0	0	0	0	0	0	0	0	1	1	1	0	0	0	0	0	1	1	2.423029
0	0	0	1	0	0	0	0	0	0	0	0	0	2	1	0	0	1	0	2	0.519493
1	1	1	1	0	0	1	1	1	0	1	0	2	1	0	0	1	0	0	1	-0.7712687
1	1	1	1	0	0	0	0	0	0	0	0	0	0	0	0	2	1	0	0	0.9389221
0	0	0	1	0	0	0	0	0	0	0	0	0	1	1	0	0	1	1	1	-1.014713
0	0	0	0	0	0	0	0	0	0	1	1	0	0	0	0	0	1	0	0	0.842886
0	1	1	0	1	1	1	0	1	1	0	1	0	1	0	1	0	0	1	0	1.136449
0	0	0	0	0	0	0	0	0	1	0	0	0	0	0	1	0	0	1	2	0.3659707
0	1	0	1	0	0	0	0	0	1	1	0	1	1	0	0	0	0	0	0	1.366381
0	0	0	0	1	0	0	0	1	1	0	0	0	0	1	1	0	1	0	0	-0.4207869
0	0	0	0	0	2	0	0	0	0	0	0	0	2	2	2	2	1	1	0	0.1004276
1	0	0	1	0	1	1	0	1	1	0	0	0	0	0	0	0	1	0	0	0.9746799
0	1	0	0	0	0	1	1	0	0	0	0	0	0	0	1	0	1	0	0	1.024814
0	0	0	1	0	0	0	0	1	1	1	1	0	0	0	1	0	1	0	1	0.5610038
2	1	0	1	0	0	1	0	0	0	1	1	1	0	0	0	1	1	0	1	-1.638896
0	1	1	0	0	0	1	0	1	0	0	1	1	1	1	1	0	0	0	1	0.374055
0	1	0	0	0	0	2	0	2	1	0	0	0	0	1	0	0	0	0	0	1.969328
0	0	0	0	0	1	0	1	0	0	0	1	0	0	0	0	0	1	0	1	1.0429
1	0	1	0	1	1	1	0	0	1	0	0	1	1	0	0	1	1	1	1	-1.040134
0	0	0	0	0	1	1	0	0	1	0	1	0	0	0	0	0	0	1	1	0.2859523
1	1	0	0	1	0	0	0	0	0	0	2	0	0	0	1	0	0	1	1	-1.882828
1	0	0	1	0	0	0	0	0	0	0	0	1	0	0	0	0	0	0	1	0.8492889
0	0	1	1	0	1	0	1	1	0	1	0	0	1	0	0	0	0	0	0	-0.1332439
1	0	0	0	0	1	0	1	0	0	1	0	0	0	0	0	0	0	0	1	2.375397
0	1	1	1	1	0	2	0	0	0	1	1	0	0	0	0	0	0	1	0	-1.017675
1	1	1	0	1	0	0	0	2	1	1	0	1	1	1	1	2	1	1	0	0.8093775
2	1	0	1	1	2	0	1	1	0	0	0	1	0	0	1	0	0	0	0	0.9569158
1	0	0	1	0	0	0	1	2	1	0	1	0	0	0	1	0	0	0	1	1.638131
0	0	0	2	1	1	0	1	0	1	1	1	1	0	1	0	0	1	1	0	2.791973
0	0	0	1	0	0	1	0	1	1	1	0	0	0	0	1	0	0	0	0	1.171793
0	0	0	1	0	1	1	0	0	0	0	0	0	1	1	0	1	0	0	0	2.440118
0	0	0	1	1	1	0	1	1	1	1	1	1	1	0	0	1	0	0	1	-1.30628
0	0	0	1	1	0	1	1	0	0	0	2	1	1	1	1	0	1	0	0	0.9752402
1	2	2	0	0	0	0	0	0	0	0	0	0	1	0	1	0	2	0	0	1.490431
1	1	0	1	2	0	1	0	0	1	1	0	1	1	1	0	0	1	1	0	-1.686271
1	0	1	0	0	0	0	0	1	0	0	0	1	2	0	0	1	1	1	0	0.1703792
0	0	1	0	1	0	1	1	0	0	1	1	0	1	0	0	0	0	0	1	-0.2386541
0	1	0	1	0	0	0	0	1	1	1	2	2	0	1	0	1	0	1	0	0.9742041
0	1	0	0	0	0	1	1	0	0	0	1	0	0	1	1	0	1	0	0	1.900171
0	0	1	0	1	0	1	0	1	0	0	1	0	0	0	0	0	0	0	0	2.429279
0	0	0	1	1	1	0	2	0	1	0	0	1	1	0	0	0	0	1	0	1.059446
0	1	0	0	2	0	0	1	0	0	1	0	0	1	1	0	1	1	1	0	0.451112
0	0	0	0	0	0	1	0	0	0	0	0	0	1	1	2	1	0	1	0	1.818184
0	0	0	1	0	0	0	1	0	1	0	0	0	0	1	1	1	0	0	0	-0.4454609
2	1	0	0	1	1	0	0	0	1	1	0	1	1	0	1	1	0	0	0	-0.3605004
0	0	0	0	1	1	0	1	1	0	0	1	0	1	0	2	0	0	1	1	-0.1595478
0	0	0	0	0	1	0	0	0	0	0	1	0	1	2	0	0	0	0	0	1.357706
0	1	0	0	1	1	0	1	1	1	0	0	1	0	0	0	1	0	0	1	-1.223763
0	0	0	1	0	1	0	0	1	0	0	1	0	1	0	1	0	1	0	0	-0.1153728
0	0	0	0	1	1	2	0	0	0	0	0	0	0	0	0	0	0	0	0	-0.2240383
0	0	0	1	0	0	0	0	0	0	0	1	2	0	1	0	1	0	1	0	-1.195154
1	0	0	0	0	0	0	0	0	0	0	0	1	1	0	0	0	0	0	0	1.631337
0	0	1	0	0	0	2	0	0	0	0	0	0	0	0	0	1	0	2	0	-1.69665
0	0	0	0	0	1	0	1	0	1	0	0	0	1	1	0	0	0	1	0	0.2273015
0	0	1	0	0	0	0	1	0	0	0	0	0	0	0	0	0	0	0	0	-0.3102095
1	1	0	2	0	0	0	0	0	0	0	0	0	1	0	1	0	1	0	0	1.224538
1	0	0	0	0	0	0	0	0	0	1	0	1	2	1	1	0	1	0	0	0.3418004
0	0	2	1	1	0	0	0	0	0	0	0	0	0	0	1	0	0	0	0	0.6739176
1	1	0	1	0	1	0	1	1	0	0	1	0	1	0	1	0	0	1	1	2.650762
0	1	0	0	1	0	0	0	0	1	0	0	0	0	0	1	0	0	1	0	1.8388
1	0	1	1	1	0	2	0	0	1	0	1	0	0	1	0	0	0	0	0	0.1970372
0	1	0	0	0	0	0	1	0	1	1	0	0	0	0	0	0	0	0	2	-0.1567173
0	0	0	1	0	1	0	0	2	1	1	0	1	0	1	1	1	0	0	1	-1.036301
0	1	0	0	0	1	0	1	2	0	1	0	0	0	0	0	0	0	0	0	-0.4153066
0	1	0	1	0	0	1	0	0	0	0	0	1	0	1	0	0	0	1	1	1.908109
2	2	1	0	0	0	1	0	0	1	0	1	0	0	2	1	1	0	0	0	0.4007721
0	1	0	2	0	0	2	0	1	0	0	1	1	0	1	1	1	0	0	0	0.6065829
1	0	0	1	0	1	0	0	0	1	0	0	0	1	0	1	0	0	1	0	-0.02156633
0	0	1	0	0	0	1	0	0	1	0	0	0	0	0	0	0	0	1	1	0.8354872
2	1	0	0	0	1	0	1	0	0	0	0	1	0	1	0	1	0	0	0	1.031075
1	0	1	0	0	0	0	2	0	1	1	0	1	0	1	0	0	1	1	0	1.000849
0	1	0	1	1	1	0	2	1	0	0	1	0	0	1	0	0	1	1	1	1.343456
0	0	0	1	1	0	0	1	0	0	2	0	0	0	1	1	1	0	0	1	-1.653342
1	0	0	1	0	0	0	0	1	0	0	1	1	0	0	0	0	0	0	1	2.632498
1	0	0	1	1	0	0	0	1	1	1	0	0	0	0	0	0	1	0	1	1.481807
1	1	1	0	0	1	1	0	1	1	1	1	0	2	0	0	0	1	1	0	-1.640224
1	1	1	0	0	0	1	0	0	0	0	0	0	0	0	0	0	0	0	0	-1.04125
0	1	1	2	1	1	0	0	2	0	0	0	1	0	1	0	0	0	0	0	1.080338
0	0	0	1	0	0	0	0	0	0	0	0	0	1	0	0	0	0	0	2	0.1549028
1	2	0	0	1	1	0	1	0	0	1	0	1	2	1	0	0	0	1	1	1.641112
0	0	0	1	1	0	1	1	0	0	0	1	0	1	0	0	0	0	1	1	1.127429
0	1	0	0	0	0	0	0	0	0	2	0	0	2	0	0	0	0	0	1	2.570465
2	0	1	0	0	0	0	1	0	0	0	0	0	1	1	0	0	1	0	0	0.1919606
0	0	2	0	1	0	0	0	0	1	0	1	0	0	2	1	1	1	0	0	-0.4542775
0	1	0	1	0	1	0	0	0	1	0	1	0	0	0	0	0	0	1	0	0.181121
0	0	0	0	0	0	1	0	0	0	0	0	0	0	0	0	1	0	0	1	1.301144
1	0	0	1	1	0	0	1	1	0	1	0	0	0	0	1	0	1	0	0	-0.5500509
1	0	0	0	1	1	0	1	1	1	0	0	0	1	1	1	0	2	0	0	0.274804
0	0	0	0	1	0	0	1	0	0	1	0	1	2	0	0	0	0	0	0	-0.7977417
0	0	0	1	0	1	0	0	2	0	0	0	0	0	1	1	1	0	0	0	3.0655
0	1	1	0	0	0	0	0	1	0	0	0	1	0	2	0	0	0	0	1	3.049259
0	0	0	0	1	0	1	0	1	0	1	0	0	1	0	0	2	0	2	0	1.786209
0	1	0	0	0	0	1	1	1	2	1	0	0	1	0	2	0	0	0	1	1.180871
0	1	1	1	0	0	0	0	0	1	1	1	0	1	1	0	1	1	0	0	0.3206225
1	1	0	0	0	0	1	0	1	0	0	1	2	2	0	2	2	0	0	0	1.463783
0	0	1	0	1	0	1	0	0	0	0	1	0	0	0	0	0	2	0	1	0.4447012
0	0	0	0	1	1	0	0	2	2	0	1	0	0	0	1	0	1	1	1	-1.583637
1	0	2	0	1	0	0	0	0	0	0	0	0	0	0	1	0	1	1	1	1.120833
1	1	0	0	0	1	1	2	0	0	0	0	0	1	1	0	1	0	1	0	-0.7296065
0	0	0	0	0	0	1	0	0	0	0	0	1	1	0	0	1	0	0	1	-0.5168104
0	0	1	2	0	0	0	0	1	2	0	0	0	0	0	0	0	0	0	0	1.13521
1	0	0	0	0	0	0	0	1	0	1	0	0	0	0	1	0	0	0	0	0.6813045
1	1	1	0	1	0	1	1	2	0	0	0	0	0	1	0	0	0	0	0	0.09277534
0	1	0	0	1	1	0	0	0	0	0	0	1	2	0	0	0	0	0	0	1.627523
0	0	1	2	1	0	0	0	2	0	1	1	1	0	0	1	1	0	1	0	-0.2872417
1	0	0	0	1	0	0	1	0	1	1	0	0	0	0	0	0	0	0	0	1.276925
0	0	1	0	1	0	0	0	0	0	0	0	0	0	1	1	0	0	0	0	1.358784
0	0	1	1	0	0	1	0	1	0	2	0	0	0	0	0	1	0	2	1	-0.9220003
0	0	1	0	0	0	1	0	0	0	0	0	0	0	0	0	0	2	0	1	-0.9989506
0	0	2	0	1	0	1	0	0	0	0	2	0	1	0	1	1	1	0	1	-0.2774547
1	0	0	1	0	0	1	0	0	0	1	1	0	1	2	1	0	0	1	0	0.1537508
0	0	2	0	0	0	1	0	0	1	0	0	0	1	1	0	0	0	1	1	-1.106514
0	0	0	0	0	0	0	0	0	1	0	0	1	0	1	1	0	0	0	0	-0.1292303
0	0	1	1	2	0	1	0	0	1	0	0	0	0	0	2	0	0	0	0	1.29274
1	1	0	1	0	0	0	0	0	1	0	0	1	0	1	1	1	0	2	0	0.1554932
0	0	1	0	1	0	0	1	1	1	0	0	1	0	0	1	1	0	0	0	0.1389913
2	0	0	0	0	1	1	0	0	1	0	0	0	0	0	0	0	0	0	1	-0.9258181
0	0	0	0	0	0	0	1	1	0	0	0	0	1	0	0	1	0	1	1	-0.6374747
0	0	0	0	1	0	0	0	0	0	0	1	0	0	0	0	1	0	0	0	-2.38452
0	0	1	0	0	0	0	0	0	0	1	1	0	0	0	1	0	0	1	0	0.2070684
0	0	1	0	1	0	1	0	0	0	0	0	0	0	0	1	0	0	1	1	0.08798488
0	0	1	2	0	2	0	1	1	0	0	0	2	0	0	0	0	1	1	0	0.6691345
1	0	0	1	0	1	2	0	1	0	0	0	1	0	0	0	0	1	1	0	-1.866991
1	1	0	0	1	0	0	0	2	1	0	0	0	0	0	1	2	0	0	1	-1.523126
0	0	0	0	0	1	1	2	0	0	0	0	0	0	1	0	0	1	0	1	2.21779
0	0	0	1	1	0	1	0	1	0	0	0	0	0	1	1	0	1	0	1	-2.218545
0	0	0	1	0	1	0	1	1	0	0	0	0	0	1	1	1	0	0	0	-1.538744
0	0	0	0	0	1	0	0	0	0	1	1	1	1	0	1	0	0	0	2	0.6330341
0	0	2	0	0	1	0	2	0	0	0	0	1	0	0	1	0	0	1	0	0.4111346
0	0	1	0	0	0	2	0	1	1	1	1	0	1	0	0	0	1	0	0	-0.5839433
0	0	0	1	0	0	1	0	0	0	1	0	1	0	2	0	0	0	0	0	0.9425783
0	0	0	1	0	0	1	1	0	2	0	0	0	0	0	0	1	0	0	0	-0.5344699
0	0	0	0	0	0	0	0	0	1	0	0	0	1	0	0	0	0	1	0	-1.447416
0	0	0	1	1	1	0	0	1	1	1	1	1	0	0	1	0	0	1	0	-0.6796689
0	0	0	1	1	1	1	0	0	1	0	0	0	0	0	2	1	1	1	0	-0.07864387
0	0	1	0	0	0	0	1	0	0	0	0	1	0	2	0	0	1	1	0	-0.1564769
0	2	0	1	0	1	1	0	1	0	0	0	1	0	0	1	1	1	0	0	0.177035
2	0	0	0	0	0	1	0	0	0	0	0	1	1	1	1	0	1	0	2	-0.2213418
0	0	1	0	0	0	2	0	1	0	1	0	0	0	0	1	0	0	0	1	0.9015198
0	0	0	0	2	0	1	0	0	0	0	0	1	0	1	0	0	1	0	0	-0.04931419
1	1	0	1	0	1	0	1	0	0	0	0	0	1	0	1	0	0	0	0	-0.4379575
0	0	0	1	1	0	0	0	0	0	1	0	0	0	0	0	0	2	1	1	0.4717019
1	0	0	0	1	2	0	0	0	0	0	0	0	0	0	1	0	0	1	0	0.7148342
0	0	0	0	1	0	1	1	1	0	0	1	0	0	0	0	1	1	1	0	0.2012921
0	0	1	0	0	1	1	0	0	1	0	0	1	1	0	0	0	1	1	0	-0.4131826
0	0	1	0	1	0	1	0	0	1	0	0	0	0	2	0	1	0	0	1	0.3432637
0	0	0	1	1	1	0	0	0	0	1	1	0	0	0	1	0	0	0	1	-0.8787649
0	0	0	0	0	1	0	0	0	1	0	1	0	0	0	0	1	0	1	1	1.188115
0	0	1	0	1	0	0	0	1	0	0	0	0	0	0	0	0	0	1	0	1.49226
1	1	1	0	1	0	1	1	1	0	1	0	1	0	0	0	0	2	1	0	0.7552295
1	1	0	0	1	1	0	0	0	1	0	2	0	0	2	0	0	0	1	0	-1.400531
1	1	0	0	1	0	1	0	0	0	0	0	0	0	0	0	0	1	0	1	-0.2839783
1	1	1	1	0	1	0	0	0	0	1	1	1	0	1	0	0	1	0	0	0.01060666
1	1	0	1	0	1	1	0	0	1	1	0	1	1	1	1	1	0	1	0	0.5421592
0	0	0	2	2	1	0	0	0	1	0	0	0	1	0	1	1	0	0	1	-0.4662961
0	0	1	1	2	0	0	0	0	0	1	0	0	0	0	0	1	0	0	1	-1.756663
1	1	0	0	2	1	0	0	0	0	0	0	0	0	0	1	0	1	0	1	0.5438703
0	1	0	0	2	0	0	0	0	0	0	0	1	0	0	0	1	1	0	0	1.362604
0	0	0	0	0	1	0	1	0	0	0	0	0	1	0	0	1	1	0	0	-0.93034
0	0	0	0	1	0	2	1	0	0	1	1	0	1	0	0	1	0	0	0	-2.17722
0	0	0	0	0	0	2	0	2	0	1	1	1	0	0	0	0	1	0	1	1.283524
1	1	0	0	0	1	0	0	0	0	1	1	0	1	0	1	1	0	0	0	-0.3560083
0	0	0	1	0	0	0	0	1	0	0	1	0	0	0	0	1	0	0	1	0.9742725
0	2	0	0	1	0	0	2	2	1	1	1	0	0	1	1	1	1	0	1	-1.501631
1	0	0	0	1	0	1	1	0	1	0	0	1	0	0	1	0	0	0	0	-0.3709883
0	0	0	0	0	1	0	0	0	1	0	0	0	1	0	1	1	0	0	0	-0.2213514
0	0	1	0	0	0	2	0	0	0	0	1	1	1	1	1	1	1	1	0	-0.9106455
1	1	0	0	0	0	0	1	0	0	0	0	0	0	0	0	0	0	0	0	-0.1994188
1	1	0	0	0	0	1	0	0	0	0	1	0	0	1	0	0	0	0	0	1.222225
1	1	0	1	0	0	0	0	2	2	0	1	1	1	0	1	0	1	0	0	0.5653563
0	0	0	0	0	0	1	1	2	0	1	0	0	0	0	0	0	1	1	1	0.1762393
0	0	0	0	0	0	0	0	0	0	1	0	1	0	1	0	0	0	1	0	0.8559018
1	1	1	0	0	0	0	0	0	0	0	1	2	1	1	0	0	0	0	0	1.496136
0	0	1	0	0	0	0	0	0	0	0	2	2	0	0	0	0	0	0	0	1.152857
0	0	1	1	1	1	1	1	0	2	0	0	1	0	1	1	1	0	0	0	-0.0483853
0	0	0	0	1	1	0	1	1	0	0	0	1	1	0	0	0	1	0	1	1.067784
0	0	0	1	0	1	1	0	1	0	0	1	0	0	0	1	0	0	0	0	1.543518
0	0	1	1	2	0	0	0	0	0	0	1	0	0	0	0	0	1	0	1	0.6608
1	1	0	1	0	0	0	0	0	0	0	1	1	0	0	0	0	2	0	0	-0.3414284
1	1	0	0	1	1	0	0	0	0	0	0	0	0	0	1	1	0	0	1	2.011646
0	0	0	1	1	0	1	0	0	0	0	0	1	0	0	1	0	0	1	1	0.4412102
0	0	1	0	0	0	0	1	0	0	0	0	1	0	0	0	0	0	1	0	0.5015387
0	0	1	1	0	0	1	1	0	1	0	0	0	0	0	0	1	0	0	0	0.1860555
0	0	1	1	0	2	0	0	0	0	1	0	1	1	0	0	0	0	0	0	-1.641691
1	1	1	1	0	1	1	0	0	0	1	0	1	1	2	1	0	1	1	1	-0.1006771
0	0	0	1	0	1	0	0	0	2	1	1	0	1	0	0	1	1	0	0	-0.3276773
